layout_spectrum: 0.2925858
typography_spectrum: 0.7899196
color:
  saturation: 0.5681059
  lightness: 0.01373251
  brandStrength: 0.3456459
  rhythmicContrast: 0.2960185
name: Essential Oils
